FPS: 110Hz
Simulation internal step: 80
Contraction ratio: 0.25
Follicle damping = 1.000000
k_layer1=0.250000N/m
k_layer2=0.500000N/m
k_anchor=0.250000N/m
f0_intrinsic=0.000160N
f0_nasolabialis(N)=0.000200N
f0_maxillolabialis(M)=0.000200N
f0_nasolabialis_superficialis(NS)=0.000008N
f0_pars_media_superior=0.000008N
f0_pars_media_inferior=0.000008N
f0_pars_interna_profunda=0.000032N
f0_pars_maxillaris=0.000032N
